image_width: 640
image_height: 480
camera_name: narrow_stereo

camera_matrix:
  rows: 3
  cols: 3
  data: [635.783034, 0.000000, 298.064920, 0.000000, 632.857593, 251.065701, 0.000000, 0.000000, 1.000000]

distortion_model: plumb_bob

distortion_coefficients:
  rows: 1
  cols: 5
  data: [-0.444256, 0.234519, 0.006162, 0.003885, 0.000000]

rectification_matrix:
  rows: 3
  cols: 3
  data: [1.000000, 0.000000, 0.000000, 0.000000, 1.000000, 0.000000, 0.000000, 0.000000, 1.000000]

projection_matrix:
  rows: 3
  cols: 4
  data: [558.060242, 0.000000, 294.685177, 0.000000, 0.000000, 587.964722, 254.414075, 0.000000, 0.000000, 0.000000, 1.000000, 0.000000]

