<?xml version="1.0"?>
<opencv_storage>
<calibration_time>"śro, 8 cze 2016, 23:13:04"</calibration_time>
<nr_of_frames>25</nr_of_frames>
<image_width>640</image_width>
<image_height>480</image_height>
<board_width>9</board_width>
<board_height>6</board_height>
<square_size>30.</square_size>
<fix_aspect_ratio>1.</fix_aspect_ratio>
<!-- flags: +fix_aspectRatio +fix_principal_point +zero_tangent_dist -->
<flags>6158</flags>
<fisheye_model>0</fisheye_model>
<camera_matrix type_id="opencv-matrix">
  <rows>3</rows>
  <cols>3</cols>
  <dt>d</dt>
  <data>
    7.0397264932540543e+02 0. 3.1950000000000000e+02 0.
    7.0397264932540543e+02 2.3950000000000000e+02 0. 0. 1.</data></camera_matrix>
<distortion_coefficients type_id="opencv-matrix">
  <rows>5</rows>
  <cols>1</cols>
  <dt>d</dt>
  <data>
    2.0844719828090869e-01 -1.6635485091858124e+00 0. 0.
    2.1647272446782191e+00</data></distortion_coefficients>
<avg_reprojection_error>9.3556722754423294e-01</avg_reprojection_error>
<per_view_reprojection_errors type_id="opencv-matrix">
  <rows>25</rows>
  <cols>1</cols>
  <dt>f</dt>
  <data>
    8.45336914e-01 1.04453719e+00 1.07399356e+00 2.21669817e+00
    1.81538248e+00 1.00527501e+00 4.80237663e-01 4.62936491e-01
    6.90871656e-01 4.00204092e-01 3.69507372e-01 3.31753880e-01
    3.71507138e-01 4.02509958e-01 5.31763315e-01 6.66657984e-01
    6.40690982e-01 6.97708249e-01 7.21340299e-01 7.08729565e-01
    7.20034420e-01 1.99214029e+00 3.36279243e-01 6.87695265e-01
    5.94864011e-01</data></per_view_reprojection_errors>
<extrinsic_parameters type_id="opencv-matrix">
  <rows>25</rows>
  <cols>6</cols>
  <dt>d</dt>
  <data>
    -4.9193354796308131e-01 4.6264235451135299e-01
    3.0308737938158652e+00 1.2692824268462812e+02 1.1620863239393884e+02
    5.8646591953377879e+02 -4.2721072655168874e-01
    5.1754196148072806e-01 3.0319303564015483e+00 1.5434086512068521e+02
    1.0663635991127441e+02 5.6116842170714995e+02
    -4.0665915880701037e-01 4.8188682315274850e-01
    3.0262706972870670e+00 1.5529248163940662e+02 9.5876109356419605e+01
    5.5376231992471344e+02 -4.5970140176528079e-01
    4.8129661971287474e-01 3.0319084232041154e+00 1.5837319510404339e+02
    9.5387175191936819e+01 5.6536036206051108e+02
    -2.9353726332828184e-01 2.4159525077542912e-01
    3.0715125392609735e+00 1.6539992435117591e+02 9.4163114816949033e+01
    5.6884109238967767e+02 -2.3458959269888308e-01
    3.0497805780247927e-01 3.0612159233881071e+00 1.5979685530028326e+02
    8.8935259759697445e+01 5.7000720837339293e+02
    -3.1276074317041985e-01 5.3399976479271061e-01
    3.0167065802176505e+00 1.5425918363162270e+02 8.7213809041473453e+01
    5.6397353537795425e+02 -3.6097401761907050e-01
    4.8496337526007938e-01 2.9769707839750010e+00 1.5026713267415494e+02
    8.1696721768101980e+01 5.7352947185076391e+02
    -1.5002265184872159e+00 2.9444914924088023e-01
    2.6957418448650854e+00 3.4821789814740072e+01 1.2111960903920894e+02
    7.2314882750653339e+02 -3.4129546490231955e-01
    2.7701855560935168e-01 3.0023532038970804e+00 1.3648817527034018e+02
    8.9111610476587259e+01 5.7729727391015717e+02 2.0725690610740916e-01
    2.5525694877032296e-01 2.9951512347771083e+00 1.6319462278681564e+02
    9.8275880691675837e+01 5.3654405854963647e+02 3.7685249698252349e-01
    2.6274427307950143e-01 2.9693466489254039e+00 1.5674712483561788e+02
    9.6072369712994046e+01 5.2445713104753577e+02 4.6299987194884284e-01
    2.4135374556013967e-01 2.9658912361371064e+00 1.4511662590895727e+02
    9.7065171171711313e+01 5.1447539789355483e+02 5.8589096226467585e-01
    2.1451476440451026e-01 2.9344901178683660e+00 1.3967623143268381e+02
    9.5661375861542723e+01 5.0527757709251932e+02 7.9204228577194991e-01
    2.1911568561317596e-01 2.8869448033683081e+00 1.2698495269570402e+02
    9.5200008749137709e+01 4.9104186026716712e+02 8.7836947981056235e-01
    2.2556463070922325e-01 2.8650244881106959e+00 1.2005306287307572e+02
    9.5936052295835310e+01 4.8775162592839337e+02 9.4527489765829353e-01
    2.2140546608347289e-01 2.8407947134704865e+00 1.1480695727201172e+02
    9.6346394519826731e+01 4.8526238595799276e+02 9.7441773819237010e-01
    2.2701560023847595e-01 2.8316536099671574e+00 1.1153507395866133e+02
    9.7341106811089432e+01 4.8340680446235638e+02 1.0135167312017268e+00
    2.1756461719671086e-01 2.8216933952867080e+00 1.0947870916014344e+02
    9.9654476499401582e+01 4.7971834867465617e+02 1.0317436715093280e+00
    2.0669089956157968e-01 2.8193713045295663e+00 1.1033327601641078e+02
    1.0145423930390503e+02 4.7658248210176691e+02 1.0409711609513663e+00
    2.0539691878478072e-01 2.8173977265439549e+00 1.0974129658055544e+02
    1.0214045776983593e+02 4.7342401410087541e+02 7.8105556290400391e-01
    1.7422172889767062e-01 2.8842425384410340e+00 1.3947280908036780e+02
    9.9410140347892522e+01 4.9312044180075975e+02 1.4656377013256661e-01
    2.4918432274089702e-01 3.0104161588634355e+00 1.7944249389981749e+02
    9.8556179848945462e+01 5.5629149122606600e+02
    -5.8091016178553689e-01 4.4675118425772992e-01
    2.9072751812715185e+00 1.7584022682346159e+02 8.9638783711135105e+01
    6.3860532737160224e+02 -7.2856510957926524e-01
    4.3315330705159716e-01 2.8850614823846068e+00 1.6821517676578131e+02
    9.2358583579460941e+01 6.5286721881421022e+02</data></extrinsic_parameters>
